%YAML:1.0
aruco_bc_nmarkers: 4
aruco_bc_mInfoType: 0
aruco_bc_markers:
%386 839
   - { id:479, corners:[ [ -350., -50., 0. ], [ -250., -50., 0. ], [
       -250., 50., 0. ], [ -350., 50., 0. ] ] }
   - { id:764, corners:[ [ -150., -50., 0. ], [ -50., -50., 0. ], [ -50.,
       50., 0. ], [ -150., 50., 0. ] ] }
   - { id:126, corners:[ [ 50., -50., 0. ], [ 150., -50., 0. ], [ 150.,
       50., 0. ], [ 50., 50., 0. ]  ] }

   - { id:100, corners:[ [ -150., 150., 0. ], [ -50., 150., 0. ], [ -50.,
       250., 0. ], [ -150., 250., 0. ] ] }
   - { id:622, corners:[ [ 50., 150., 0. ], [ 150., 150., 0. ], [ 150.,
       250., 0. ], [ 50., 250., 0. ] ] }
