%YAML:1.0
aruco_bc_nmarkers: 4
aruco_bc_mInfoType: 0
aruco_bc_markers:
    - { id:386, corners:[ [ -150., -250., 0. ], [ -50., -250., 0. ], [ -50.,
                                                                       -150., 0. ], [ -150., -150., 0. ] ] }
    - { id:839, corners:[ [ 50., -250., 0. ], [ 150., -250., 0. ], [ 150.,
                                                                     -150., 0. ], [ 50., -150., 0. ] ] }

    - { id:764, corners:[ [ -150., -50., 0. ], [ -50., -50., 0. ], [ -50.,
                                                                     50., 0. ], [ -150., 50., 0. ] ] }
    - { id:126, corners:[ [ 50., -50., 0. ], [ 150., -50., 0. ], [ 150.,
                                                                   50., 0. ], [ 50., 50., 0. ]  ] }