%YAML:1.0
aruco_bc_nmarkers: 4
aruco_bc_mInfoType: 0
aruco_bc_markers:
    - { id:886, corners:[ [ -105., -105., 0. ], [ -5., -105., 0. ], [ -5.,
        -5., 0. ], [ -105., -5., 0. ] ] }
    - { id:401, corners:[ [ 5., -105., 0. ], [ 105., -105., 0. ], [ 105.,
        -5., 0. ], [ 5., -5., 0. ] ] }
    - { id:685, corners:[ [ -105., 5., 0. ], [ -5., 5., 0. ], [ -5., 105.,
        0. ], [ -105., 105., 0. ] ] }
    - { id:53, corners:[ [ 5., 5., 0. ], [ 105., 5., 0. ], [ 105., 105.,
        0. ], [ 5., 105., 0. ] ] }